 N   	    	 | 32 | 31 | 30 | 29 | 28 | 27 | 26 | 25 | 24 | 23 | 22 | 21 | 20 | 19 | 18 | 17 | 16 | 15 | 14 | 13 | 12 | 11 | 10 |  9 |  8 |  7 |  6 |  5 |  4 |  3 |  2 |  1 |      
 Z				 | A16| B16| A15| B15| A14| B14| A13| B13| A12| B12| A11| B11| A10| B10| A9 | B9 | A8 | B8 | A7 | B7 | A6 | B6 | A5 | B5 | A4 | B4 | A3 | B3 | A2 | B2 |  A1| B1 |
 Za				 | A16|    | A15|    | A14|    | A13|    | A12|    | A11|    | A10|    | A9 |    | A8 |    | A7 |    | A6 |    | A5 |    | A4 |    | A3 |    | A2 |    |  A1|    |
 A    												                      					     | 16 | 15 | 14 | 13 | 12 | 11 | 10 |  9 |  8 |  7 |  6 |  5 |  4 |  3 |  2 |  1 |     
 A <<8													 | 16 | 15 | 14 | 13 | 12 | 11 | 10 |  9 |  8 |  7 |  6 |  5 |  4 |  3 |  2 |  1 | 
 A1 = A | A << 8  										 | 16 | 15 | 14 | 13 | 12 | 11 | 10 |  9 |    |    |    |    |    |    |    |    | 8  |  7 |  6 |  5 |  4 |  3 |  2 |  1 |       
 A1<<4								 | 16 | 15 | 14 | 13 | 12 | 11 | 10 |  9 |    |    |    |    |    |    |    |    | 8  |  7 |  6 |  5 |  4 |  3 |  2 |  1 |  											
 A2 = A1 | A1 << 4  				 | 16 | 15 | 14 | 13 |				     | 12 | 11 | 10 |  9 | 					 | 8  |  7 |  6 |  5 |	                 |  4 |  3 |  2 |  1 |
 A2<< 2  				   | 16 | 15 | 14 | 13 |				   | 12 | 11 | 10 |  9 | 				   | 8  |  7 |  6 |  5 |	               |  4 |  3 |  2 |  1 |  
A3=A2|A2<<2				   | 16 | 15 |         | 14 | 13 |         | 12 | 11 |         | 10 |  9 |         | 8  |  7 |         |  6 |  5 |         |  4 |  3 |         |  2 |  1 |
A3<<1				  | 16 | 15 |         | 14 | 13 |         | 12 | 11 |         | 10 |  9 |         | 8  |  7 |         |  6 |  5 |         |  4 |  3 |         |  2 |  1 |
Z=A3|A3<<1			  | 16 |    | 15 |    | 14 |    | 13 |    | 12 |    | 11 |    | 10 |    |  9 |    | 8  |    |  7 |    |  6 |    |  5 |    |  4 |    |  3 |    |  2 |    |  1 |
A4<<2			 
A5=A4|A4<<1		



http://stackoverflow.com/questions/1024754/how-to-compute-a-3d-morton-number-interleave-the-bits-of-3-ints