 N   	    	 | 64 | 63 | 62 | 61 | 60 | 59 | 58 | 57 | 56 | 55 | 54 | 53 | 52 | 51 | 50 | 49 | 48 | 47 | 46 | 45 | 44 | 43 | 42 | 41 | 40 | 39 | 38 | 37 | 36 | 35 | 34 | 33 | 32 | 31 | 30 | 29 | 28 | 27 | 26 | 25 | 24 | 23 | 22 | 21 | 20 | 19 | 18 | 17 | 16 | 15 | 14 | 13 | 12 | 11 | 10 |  9 |  8 |  7 |  6 |  5 |  4 |  3 |  2 |  1 |      
 Z				 | A16| B16| C16| D16| A15| B15| C15| D15| A14| B14| C14| D14| A13| B13| C13| D13| A12| B12| C12| D12| A11| B11| C11| D11| A10| B10| C10| D10| A9 | B9 | C9 | D9 | A8 | B8 | C8 | D8 | A7 | B7 | C7 | D7 | A6 | B6 | C6 | D6 | A5 | B5 | C5 | D5 | A4 | B4 | C4 | D4 | A3 | B3 | C3 | D3 | A2 | B2 | C2 | D2 | A1 | B1 |  C1| D1 |
 Za				 |    |    |    | D16|    |    |    | D15|    |    |    | D14|    |    |    | D13|    |    |    | D12|    |    |    | D11|    |    |    | D10|    |    |    | D9 |    |    |    | D8 |    |    |    | D7 |    |    |    | D6 |    |    |    | D5 |    |    |    | D4 |    |    |    | D3 |    |    |    | D2 |    |    |    | D1 |
 A    																																										   																					 | 16 | 15 | 14 | 13 | 12 | 11 | 10 |  9 |  8 |  7 |  6 |  5 |  4 |  3 |  2 |  1 |     
 A <<4																																																										                                         | 16 | 15 | 14 | 13 | 12 | 11 | 10 |  9 |  8 |  7 |  6 |  5 |  4 |  3 |  2 |  1 
 A1 = A | A << 4 																			     | 32 | 31 | 30 | 29 | 28 | 27 | 26 | 25 | 24 | 23 | 22 | 21 | 20 | 19 | 18 | 17 |    |    |    |    |    |    |    |    |    |    |    |    | 16 | 15 | 14 | 13 |    |    |    |    |    |    |    |    |    |    |    |    |  4 |  3 |  2 |  1 |       
 A1<<8													 | 32 | 31 | 30 | 29 | 28 | 27 | 26 | 25 | 24 | 23 | 22 | 21 | 20 | 19 | 18 | 17 |    |    |    |    |    |    |    |    |    |    |    |    |    |    |    |    | 16 | 15 | 14 | 13 | 12 | 11 | 10 |  9 |  8 |  7 |  6 |  5 |  4 |  3 |  2 |  1 |  											
 A2 = A1 | A1 << 8  									 | 32 | 31 | 30 | 29 | 28 | 27 | 26 | 25 |										 | 24 | 23 | 22 | 21 | 20 | 19 | 18 | 17 |  			 						 | 16 | 15 | 14 | 13 | 12 | 11 | 10 |  9 |										 |  8 |  7 |  6 |  5 |  4 |  3 |  2 |  1 |  
 A2<< 4  							 | 32 | 31 | 30 | 29 | 28 | 27 | 26 | 25 |										 | 24 | 23 | 22 | 21 | 20 | 19 | 18 | 17 |  			 						 | 16 | 15 | 14 | 13 | 12 | 11 | 10 |  9 |										 |  8 |  7 |  6 |  5 |  4 |  3 |  2 |  1 |  
A3=A2|A2<<4							 | 32 | 31 | 30 | 29 |					 | 28 | 27 | 26 | 25 | 					 | 24 | 23 | 22 | 21 |					 | 20 | 19 | 18 | 17 |					 | 16 | 15 | 14 | 13 |					 | 12 | 11 | 10 |  9 |					 |  8 |  7 |  6 |  5 |					 |  4 |  3 |  2 |  1 |
A3<<2					   | 32 | 31 | 30 | 29 |				   | 28 | 27 | 26 | 25 | 					 24 | 23 | 22 | 21 |				   | 20 | 19 | 18 | 17 |				   | 16 | 15 | 14 | 13 |				   | 12 | 11 | 10 |  9 |					  8 |  7 |  6 |  5 |				   |  4 |  3 |  2 |  1 |
A4=A3|A3<<2				   | 32 | 31 |		   | 30 | 29 |		   | 28 | 27 |		   | 26 | 25 | 		   | 24 | 23 |		   | 22 | 21 |		   | 20 | 19 |		   | 18 | 17 |		   | 16 | 15 |		   | 14 | 13 |		   | 12 | 11 |		   | 10 |  9 |		  |   8 |  7 | 		   |  6 |  5 |		   |  4 |  3 |		   |  2 |  1 |
A4<<1		       	 |  32 | 31 |		  | 30 | 29 |	      | 28 | 27 |		  | 26 | 25 | 	      | 24 | 23 |	      | 22 | 21 |		  | 20 | 19 |		  | 18 | 17 |		  | 16 | 15 |	      | 14 | 13 |	      | 12 | 11 |    	  | 10 |  9 |		  | 8 |  7 | 		  |  6 |  5 |	      |  4 |  3 |		  |  2 |  1 |
A5=A4|A4<<1		