 N   	    	 | 64 | 63 | 62 | 61 | 60 | 59 | 58 | 57 | 56 | 55 | 54 | 53 | 52 | 51 | 50 | 49 | 48 | 47 | 46 | 45 | 44 | 43 | 42 | 41 | 40 | 39 | 38 | 37 | 36 | 35 | 34 | 33 | 32 | 31 | 30 | 29 | 28 | 27 | 26 | 25 | 24 | 23 | 22 | 21 | 20 | 19 | 18 | 17 | 16 | 15 | 14 | 13 | 12 | 11 | 10 |  9 |  8 |  7 |  6 |  5 |  4 |  3 |  2 |  1 |      
 Z				 | A32| B32| A31| B31| A30| B30| A29| B29| A28| B28| A27| B27| A26| B26| A25| B25| A24| B24| A23| B23| A22| B22| A21| B21| A20| B20| A19| B19| A18| B18| A17| B17| A16| B16| A15| B15| A14| B14| A13| B13| A12| B12| A11| B11| A10| B10| A9 | B9 | A8 | B8 | A7 | B7 | A6 | B6 | A5 | B5 | A4 | B4 | A3 | B3 | A2 | B2 |  A1| B1 |
 Za				 | A32|	   | A31|    | A30|    | A29|    | A28|    | A27|    | A26|    | A25|    | A24|    | A23|    | A22|    | A21|    | A20|    | A19|    | A18|    | A17|    | A16|    | A15|    | A14|    | A13|    | A12|    | A11|    | A10|    | A9 |    | A8 |    | A7 |    | A6 |    | A5 |    | A4 |    | A3 |    | A2 |    |  A1|    |
 A    																																										     | 32 | 31 | 30 | 29 | 28 | 27 | 26 | 25 | 24 | 23 | 22 | 21 | 20 | 19 | 18 | 17 | 16 | 15 | 14 | 13 | 12 | 11 | 10 |  9 |  8 |  7 |  6 |  5 |  4 |  3 |  2 |  1 |     
 A <<16																							 | 32 | 31 | 30 | 29 | 28 | 27 | 26 | 25 | 24 | 23 | 22 | 21 | 20 | 19 | 18 | 17 | 16 | 15 | 14 | 13 | 12 | 11 | 10 |  9 |  8 |  7 |  6 |  5 |  4 |  3 |  2 |  1 | 
 A1 = A | A << 16  																			     | 32 | 31 | 30 | 29 | 28 | 27 | 26 | 25 | 24 | 23 | 22 | 21 | 20 | 19 | 18 | 17 |    |    |    |    |    |    |    |    |    |    |    |    |    |    |    |    | 16 | 15 | 14 | 13 | 12 | 11 | 10 |  9 |  8 |  7 |  6 |  5 |  4 |  3 |  2 |  1 |       
 A1<<8													 | 32 | 31 | 30 | 29 | 28 | 27 | 26 | 25 | 24 | 23 | 22 | 21 | 20 | 19 | 18 | 17 |    |    |    |    |    |    |    |    |    |    |    |    |    |    |    |    | 16 | 15 | 14 | 13 | 12 | 11 | 10 |  9 |  8 |  7 |  6 |  5 |  4 |  3 |  2 |  1 |  											
 A2 = A1 | A1 << 8  									 | 32 | 31 | 30 | 29 | 28 | 27 | 26 | 25 |										 | 24 | 23 | 22 | 21 | 20 | 19 | 18 | 17 |  			 						 | 16 | 15 | 14 | 13 | 12 | 11 | 10 |  9 |										 |  8 |  7 |  6 |  5 |  4 |  3 |  2 |  1 |  
 A2<< 4  							 | 32 | 31 | 30 | 29 | 28 | 27 | 26 | 25 |										 | 24 | 23 | 22 | 21 | 20 | 19 | 18 | 17 |  			 						 | 16 | 15 | 14 | 13 | 12 | 11 | 10 |  9 |										 |  8 |  7 |  6 |  5 |  4 |  3 |  2 |  1 |  
A3=A2|A2<<4							 | 32 | 31 | 30 | 29 |					 | 28 | 27 | 26 | 25 | 					 | 24 | 23 | 22 | 21 |					 | 20 | 19 | 18 | 17 |					 | 16 | 15 | 14 | 13 |					 | 12 | 11 | 10 |  9 |					 |  8 |  7 |  6 |  5 |					 |  4 |  3 |  2 |  1 |
A3<<2					   | 32 | 31 | 30 | 29 |				   | 28 | 27 | 26 | 25 | 					 24 | 23 | 22 | 21 |				   | 20 | 19 | 18 | 17 |				   | 16 | 15 | 14 | 13 |				   | 12 | 11 | 10 |  9 |					  8 |  7 |  6 |  5 |				   |  4 |  3 |  2 |  1 |
A4=A3|A3<<2				   | 32 | 31 |		   | 30 | 29 |		   | 28 | 27 |		   | 26 | 25 | 		   | 24 | 23 |		   | 22 | 21 |		   | 20 | 19 |		   | 18 | 17 |		   | 16 | 15 |		   | 14 | 13 |		   | 12 | 11 |		   | 10 |  9 |		  |   8 |  7 | 		   |  6 |  5 |		   |  4 |  3 |		   |  2 |  1 |
A4<<1		       	 |  32 | 31 |		  | 30 | 29 |	      | 28 | 27 |		  | 26 | 25 | 	      | 24 | 23 |	      | 22 | 21 |		  | 20 | 19 |		  | 18 | 17 |		  | 16 | 15 |	      | 14 | 13 |	      | 12 | 11 |    	  | 10 |  9 |		  | 8 |  7 | 		  |  6 |  5 |	      |  4 |  3 |		  |  2 |  1 |
A5=A4|A4<<1		